//use: Object type rotation - x y plane boolean clip
//edge home
17010 10 0 - 3095 3503 0 true
6552 10 2 - 3098 3504 0 true
47120 10 0 - 3101 3503 0 true
//Donatorzone
4483 10 -3 - 2592 3916 0 true
4483 10 -2 - 2581 3905 0 true
3192 10 -3 - 2579 3917 0 true
//k
17010 10 0 - 2584 3918 0 true
6552 10 2 - 2589 3919 0 true
47120 10 0 - 2591 3919 0 true
//Spirit Tree
8355 10 3 - 3951 4272 0 true
47120 10 0 - 3960 4279 0 true
6552 10 2 - 3966 4277 0 true
17010 10 0 - 3971 4279 0 true
170 10 3 - 3971 4267 0 true
//Jadinko Lair
//Baby Jadinko Area Vines
12274 10 0 - 3017 9263 0 true
12274 10 0 - 3012 9258 0 true
12274 10 0 - 3011 9264 0 true
12274 10 0 - 3014 9251 0 true
12274 10 0 - 3017 9248 0 true
12274 10 0 - 3022 9251 0 true
12274 10 0 - 3026 9254 0 true
//Curly Done
12272 10 0 - 3023 9256 0 true
12272 10 0 - 3016 9260 0 true
12272 10 0 - 3019 9256 0 true
12272 10 0 - 3022 9253 0 true
12272 10 0 - 3016 9253 0 true
12272 10 0 - 3016 9260 0 true
12272 10 0 - 3019 9258 0 true
//Straight done
//Guard Jadinko Area Vines
12274 10 0 - 3047 9265 0 true
12274 10 0 - 3041 9269 0 true
12274 10 0 - 3041 9264 0 true
12274 10 0 - 3046 9263 0 true
12274 10 0 - 3044 9266 0 true
12274 10 0 - 3047 9274 0 true
12274 10 0 - 3049 9270 0 true
//Curly Done
12272 10 0 - 3050 9266 0 true
12272 10 0 - 3051 9262 0 true
12272 10 0 - 3049 9259 0 true
12272 10 0 - 3045 9258 0 true
12272 10 0 - 3041 9253 0 true
12272 10 0 - 3036 9261 0 true
12272 10 0 - 3040 9267 0 true
//Straight Done
//Male Jadinko Area Vine
12274 10 0 - 3054 9248 0 true
12274 10 0 - 3059 9242 0 true
12274 10 0 - 3064 9242 0 true
12274 10 0 - 3061 9241 0 true
12274 10 0 - 3054 9236 0 true
12274 10 0 - 3059 9236 0 true
12274 10 0 - 3057 9248 0 true
12274 10 0 - 3061 9240 0 true
12274 10 0 - 3064 9235 0 true
12274 10 0 - 3061 9244 0 true
//Curly Done
12272 10 0 - 3057 9241 0 true
12272 10 0 - 3054 9246 0 true
12272 10 0 - 3056 9234 0 true
12272 10 0 - 3063 9232 0 true
12272 10 0 - 3062 9236 0 true
12272 10 0 - 3062 9241 0 true
12272 10 0 - 3066 9243 0 true
12272 10 0 - 3057 9254 0 true
12272 10 0 - 3056 9247 0 true
12272 10 0 - 3053 9246 0 true
//Jadinko Lair End
17010 10 0 - 4085 4899 0 true
6552 10 0 - 4077 4899 0 true
47120 10 0 - 4074 4899 0 true
409 10 2 - 4101 4921 0 true
2465 10 0 - 4095 4918 0 true
2475 10 0 - 4094 4918 0 true
28716 10 0 - 4089 4920 0 true
59463 10 3 - 4106 4897 0 true
69463 10 3 - 2402 5084 0 true
36786 10 0 - 4096 4892 0 true
36786 10 0 - 4095 4892 0 true
36786 10 0 - 4094 4892 0 true
4874 10 0 - 4105 4905 0 true
4875 10 0 - 4105 4906 0 true
4876 10 0 - 4105 4907 0 true
4877 10 0 - 4105 4908 0 true
4878 10 0 - 4105 4909 0 true
9293 10 0 - 433 43 0 true
42425 10 1 - 4073 4909 0 true
28716 10 0 - 3178 5717 0 true
8797 10 0 - 3183 5720 0 true
57376 10 1 - 3185 5708 0 true
8579 10 0 - 2442 3543 0 true
8578 10 0 - 2440 3543 0 true
8577 10 0 - 2438 3543 0 true
8578 10 0 - 2436 3543 0 true
8579 10 0 - 2434 3543 0 true
1306 10 0 - 2694 3425 0 true
1306 10 0 - 3177 5711 0 true
1306 10 0 - 3175 5712 0 true
1306 10 0 - 3175 5711 0 true
1306 10 0 - 3177 5713 0 true
3825 10 0 - 3189 5720 0 true
3825 10 0 - 3189 5719 0 true
14428 10 0 - 3189 5719 0 true
14744 10 0 - 3190 5710 0 true
24744 10 0 - 3190 5711 0 true
3728 10 0 - 3092 3933 0 true
3813 10 0 - 3092 3933 0 true
3813 10 0 - 3092 3934 0 true
5 10 0 - 3354 3417 0 true
3 10 0 - 3354 3417 0 true
9 10 0 - 3354 3417 0 true
2 10 0 - 3354 3417 0 true
2 10 0 - 3351 3417 0 true
2 10 0 - 3353 3416 0 true
2 10 0 - 3352 3416 0 true
2 10 0 - 3351 3416 0 true
2 10 0 - 3351 3416 0 true
2 10 0 - 3351 3416 0 true
2 10 0 - 3350 3416 0 true
12003 10 0 - 4095 4899 0 true
12003 10 0 - 4095 4899 0 true
12094 10 0 - 4098 4899 0 true
12094 10 0 - 4098 4899 0 true
68900 10 0 - 4113 4911 0 true
68900 10 0 - 4113 4911 0 true
68234 10 0 - 4114 4913 0 true
68234 10 0 - 4114 4913 0 true
7389 10 0 - 2969 9688 0 true
7389 10 0 - 2969 9688 0 true
114 10 0 - 3470 9802 0 true
46300 10 0 - 3472 9808 0 true
2782 10 0 - 3474 9808 0 true
44945 10 3 - 3943 4279 0 true
4874 10 0 - 3977 4266 0 true
4875 10 0 - 3977 4267 0 true
4876 10 0 - 3977 4268 0 true
4877 10 0 - 3977 4269 0 true
4878 10 0 - 3977 4270 0 true
20573 10 0 - 2577 3908 0 true
1 10 0 - 3690 3491 0 true
1 10 0 - 3689 3491 0 true
1 10 0 - 3689 3507 0 true
1 10 0 - 3690 3506 0 true
1 10 0 - 3691 3497 0 true
1 10 0 - 3690 3497 0 true
1 10 0 - 3689 3497 0 true
1 10 0 - 3684 3502 0 true
1 10 0 - 3684 3503 0 true
